    1        0.01s    -3.409e-02     3.034e-07    3.409e-02
    2        0.05s    -3.166e-02     1.517e-05    3.167e-02
    3         0.1s    -3.148e-02     3.034e-05    3.151e-02
    4        0.25s    -3.091e-02     7.585e-05    3.098e-02
    5         0.5s   -3.055e-02     1.517e-04    3.070e-02
    6       1.000s    -2.922e-02     3.034e-04    2.952e-02
    7       2.500s    -2.947e-02     7.584e-04    3.023e-02
    8       5.000s    -2.594e-02     1.516e-03    2.745e-02
    9      10.000s    -2.253e-02     3.031e-03    2.556e-02
   10      25.000s    -1.641e-02     7.566e-03    2.398e-02
   11      50.000s    -4.522e-03     1.509e-02    1.962e-02
   12     100.000s     1.641e-02     3.004e-02    1.363e-02
   13     150.000s     3.668e-02     4.483e-02    8.154e-03
   14     200.000s     5.639e-02     5.948e-02    3.085e-03
   15     300.000s     8.894e-02     8.833e-02   -6.120e-04
   16     400.000s     1.183e-01     1.166e-01   -1.739e-03
   17     500.000s     1.475e-01     1.443e-01   -3.209e-03
   18     600.000s     1.747e-01     1.715e-01   -3.272e-03
   19     800.000s     2.292e-01     2.242e-01   -5.059e-03
   20    1000.000s     2.788e-01     2.748e-01   -4.044e-03
   21    1200.000s     3.214e-01     3.234e-01    1.994e-03
   22    1400.000s     3.666e-01     3.701e-01    3.474e-03


    1       1.000m    -4.087e-02     1.063e-06    4.087e-02
    2      50.000m    -3.800e-02     5.313e-05    3.805e-02
    3     100.000m    -3.856e-02     1.063e-04    3.866e-02
    4     250.000m    -3.179e-02     2.656e-04    3.206e-02
    5     500.000m    -2.737e-02     5.312e-04    2.790e-02
    6       1.000s    -2.123e-02     1.062e-03    2.229e-02
    7       2.500s    -1.520e-02     2.654e-03    1.785e-02
    8       5.000s    -8.486e-03     5.305e-03    1.379e-02
    9      10.000s     3.361e-03     1.059e-02    7.232e-03
   10      25.000s     2.690e-02     2.636e-02   -5.447e-04
   11      50.000s     6.032e-02     5.230e-02   -8.018e-03
   12     100.000s     1.164e-01     1.030e-01   -1.342e-02
   13     150.000s     1.660e-01     1.521e-01   -1.393e-02
   14     200.000s     2.117e-01     1.997e-01   -1.195e-02
   15     300.000s     2.989e-01     2.905e-01   -8.418e-03
   16     400.000s     3.789e-01     3.758e-01   -3.091e-03
   17     500.000s     4.523e-01     4.559e-01    3.606e-03
   18     600.000s     5.227e-01     5.311e-01    8.340e-03
   19     800.000s     6.569e-01     6.680e-01    1.108e-02
   20    1000.000s     7.802e-01     7.888e-01    8.579e-03
   21    1200.000s     8.951e-01     8.953e-01    1.482e-04
   22    1400.000s     1.000e+00     9.892e-01   -1.081e-02


